6 0.04375 0.22890625 0.07890625 0.4359375
6 0.12421875 0.234375 0.07578125 0.4640625
6 0.20078125 0.2171875 0.07109375 0.42578125
6 0.271875 0.20703125 0.0734375 0.41015625
6 0.34765625 0.20625 0.07421875 0.4125
6 0.43125 0.2140625 0.090625 0.4265625
6 0.51171875 0.20625 0.07109375 0.4125
6 0.5921875 0.1953125 0.08671875 0.390625
6 0.68359375 0.2734375 0.1 0.45546875
6 0.76796875 0.26640625 0.08984375 0.4375
6 0.846875 0.26640625 0.0921875 0.4421875
6 0.1203125 0.7046875 0.075 0.471875
6 0.19921875 0.675 0.07734375 0.48515625
6 0.28125 0.665625 0.07890625 0.48828125
6 0.36171875 0.67890625 0.0734375 0.52890625
6 0.69375 0.7578125 0.0921875 0.48125
6 0.77734375 0.75625 0.0921875 0.4875
6 0.85234375 0.75078125 0.08515625 0.4828125
6 0.9296875 0.265625 0.09453125 0.4484375
6 0.94140625 0.7296875 0.103125 0.48125