4 0.3859375 0.21875 0.2671875 0.2921875
4 0.16640625 0.33671875 0.221875 0.215625
4 0.1171875 0.5203125 0.225 0.1875
4 0.1703125 0.653125 0.2140625 0.1734375
4 0.31484375 0.7171875 0.1625 0.159375
4 0.4625 0.78359375 0.1796875 0.134375
4 0.5703125 0.671875 0.171875 0.18125
4 0.728125 0.60703125 0.175 0.196875
4 0.87578125 0.4671875 0.240625 0.1640625
4 0.88203125 0.31171875 0.2328125 0.225
4 0.70234375 0.24609375 0.2390625 0.246875
4 0.51875 0.32890625 0.253125 0.1921875
4 0.65859375 0.47109375 0.2171875 0.2046875
4 0.3890625 0.46640625 0.2328125 0.2
4 0.3984375 0.62421875 0.2046875 0.1734375