4 0.39453125 0.76953125 0.24765625 0.2703125
4 0.18671875 0.66171875 0.20625 0.19921875
4 0.13671875 0.48984375 0.209375 0.17421875
4 0.18515625 0.36328125 0.1984375 0.159375
4 0.31953125 0.30078125 0.15078125 0.146875
4 0.4578125 0.2359375 0.1671875 0.12421875
4 0.56171875 0.3390625 0.16015625 0.16875
4 0.71171875 0.39765625 0.16328125 0.18359375
4 0.853125 0.52734375 0.2234375 0.15078125
4 0.86953125 0.6734375 0.23359375 0.20859375
4 0.69375 0.73828125 0.22109375 0.228125
4 0.51875 0.66328125 0.23671875 0.17734375
4 0.6484375 0.52734375 0.2015625 0.1890625
4 0.39375 0.5359375 0.21640625 0.184375
4 0.4 0.38671875 0.190625 0.16171875