6 0.64765625 0.91875 0.2703125 0.1625
6 0.4765625 0.8875 0.225 0.225
6 0.3875 0.88359375 0.13125 0.2125
9 0.028125 0.7578125 0.05625 0.103125
9 0.04765625 0.80234375 0.0953125 0.1109375
9 0.03046875 0.70078125 0.0609375 0.0921875
9 0.06015625 0.74609375 0.1203125 0.0953125
9 0.021875 0.78203125 0.04375 0.0828125
4 0.753125 0.81875 0.178125 0.1375
4 0.7875 0.74609375 0.1609375 0.1265625
5 0.909375 0.20390625 0.1203125 0.10625
5 0.67578125 0.1953125 0.0890625 0.0921875
3 0.25703125 0.6890625 0.18125 0.1421875
4 0.82734375 0.6234375 0.165625 0.146875
4 0.878125 0.55078125 0.1484375 0.1171875
4 0.90078125 0.4890625 0.15 0.1125