6 0.8015625 0.1453125 0.1859375 0.26796875
6 0.63203125 0.1625 0.13828125 0.23984375
6 0.54765625 0.1515625 0.053125 0.2234375
9 0.0875 0.11015625 0.10078125 0.0671875
9 0.21328125 0.1140625 0.109375 0.06484375
9 0.10078125 0.1703125 0.10703125 0.0515625
9 0.2203125 0.17265625 0.103125 0.053125
9 0.13671875 0.103125 0.06328125 0.05546875
4 0.8359375 0.3484375 0.14453125 0.07734375
4 0.83984375 0.42265625 0.13046875 0.071875
5 0.7578125 0.92421875 0.09140625 0.06796875
5 0.55625 0.8515625 0.0609375 0.065625
3 0.36953125 0.2890625 0.14609375 0.08046875
4 0.83203125 0.53984375 0.12578125 0.09453125
4 0.84921875 0.61953125 0.1203125 0.0671875
4 0.8484375 0.6796875 0.12421875 0.06015625