7 0.4171875 0.23984375 0.0765625 0.0921875
7 0.36640625 0.28046875 0.065625 0.08125
8 0.4171875 0.315625 0.0734375 0.0953125
7 0.55390625 0.48359375 0.0828125 0.09375
8 0.74453125 0.33515625 0.0625 0.06875
5 0.78515625 0.3484375 0.04375 0.0640625
5 0.8875 0.2984375 0.0484375 0.059375
4 0.11640625 0.05625 0.025 0.034375
4 0.14453125 0.0671875 0.05 0.0484375
4 0.1796875 0.0890625 0.053125 0.05
4 0.9234375 0.30859375 0.040625 0.0390625
4 0.95703125 0.31015625 0.034375 0.0390625
4 0.98671875 0.30625 0.0265625 0.04375
7 0.93828125 0.6625 0.0890625 0.1015625