9 0.975 0.1046875 0.05 0.11875
9 0.91328125 0.08671875 0.1734375 0.1078125
9 0.76015625 0.075 0.175 0.115625
9 0.09296875 0.08203125 0.1203125 0.1640625
9 0.9109375 0.215625 0.178125 0.296875
9 0.90859375 0.45546875 0.1828125 0.2109375
9 0.93125 0.63046875 0.1375 0.2234375
9 0.91796875 0.953125 0.0828125 0.09375
9 0.63515625 0.78984375 0.2265625 0.26875
9 0.43046875 0.76640625 0.2234375 0.278125
9 0.26796875 0.73984375 0.165625 0.2078125
9 0.08515625 0.7109375 0.1703125 0.215625
9 0.03359375 0.85078125 0.0671875 0.2078125
9 0.1703125 0.865625 0.221875 0.2234375
9 0.02890625 0.84375 0.0578125 0.21875
9 0.94140625 0.83671875 0.0734375 0.2234375
9 0.96640625 0.634375 0.0625 0.1875
9 0.78046875 0.621875 0.20625 0.196875
9 0.0609375 0.32578125 0.121875 0.3640625
9 0.01015625 0.6203125 0.0203125 0.21875
9 0.1984375 0.04296875 0.184375 0.0859375
9 0.3453125 0.02421875 0.1625 0.0484375
9 0.4875 0.0234375 0.115625 0.046875
9 0.9109375 0.81015625 0.134375 0.1828125
9 0.78359375 0.84921875 0.1953125 0.3015625