3 0.265625 0.09140625 0.30625 0.1828125
3 0.58515625 0.08984375 0.3234375 0.1796875
3 0.86796875 0.13046875 0.2640625 0.1421875
3 0.2453125 0.48671875 0.2296875 0.20625
3 0.46875 0.5109375 0.2671875 0.2125
3 0.50859375 0.4015625 0.1609375 0.065625
3 0.70078125 0.52890625 0.28125 0.228125
3 0.89921875 0.53984375 0.2015625 0.2203125
3 0.10234375 0.83203125 0.2046875 0.2359375
3 0.321875 0.86015625 0.2453125 0.2375
3 0.54765625 0.90625 0.2140625 0.1875
3 0.571875 0.77421875 0.2 0.1125
3 0.7453125 0.890625 0.2015625 0.140625
3 0.75234375 0.959375 0.2328125 0.08125
3 0.9125 0.8078125 0.11875 0.1171875
3 0.92109375 0.92890625 0.0765625 0.1421875
3 0.0625 0.46484375 0.125 0.2078125
3 0.115625 0.82265625 0.23125 0.2453125