2 0.85546875 0.559375 0.2890625 0.471875
9 0.85390625 0.828125 0.2640625 0.253125
1 0.39453125 0.77421875 0.7328125 0.4515625
4 0.696875 0.4578125 0.178125 0.215625
3 0.5390625 0.3796875 0.2515625 0.325
4 0.2984375 0.5765625 0.1390625 0.096875
7 0.3046875 0.38671875 0.31875 0.4
8 0.1203125 0.5515625 0.240625 0.25
5 0.10390625 0.30546875 0.2078125 0.2890625
0 0.18671875 0.13515625 0.20625 0.190625
8 0.8796875 0.25859375 0.2046875 0.278125
6 0.74765625 0.0984375 0.3703125 0.196875
9 0.05 0.13984375 0.1 0.1234375