7 0.52734375 0.44296875 0.28125 0.3640625
2 0.18671875 0.18125 0.3734375 0.35
4 0.340625 0.18515625 0.68125 0.3703125
5 0.82109375 0.1203125 0.2171875 0.240625
0 0.940625 0.2109375 0.103125 0.2734375
8 0.23359375 0.51171875 0.25625 0.3046875
7 0.06328125 0.5921875 0.1265625 0.409375
1 0.45546875 0.78203125 0.6734375 0.4359375
9 0.07109375 0.92578125 0.1078125 0.1484375
9 0.91640625 0.8609375 0.1671875 0.240625
4 0.78515625 0.36796875 0.19375 0.25
3 0.69765625 0.4 0.090625 0.2890625
6 0.93125 0.559375 0.1375 0.415625