1 0.4328125 0.796875 0.60859375 0.40625
3 0.44765625 0.50078125 0.19765625 0.2703125
4 0.2546875 0.1953125 0.140625 0.178125
4 0.27890625 0.4171875 0.15859375 0.1609375
4 0.66015625 0.46796875 0.16015625 0.15234375
8 0.89140625 0.5046875 0.2171875 0.240625
5 0.87578125 0.74921875 0.20078125 0.2390625
9 0.89765625 0.92890625 0.2046875 0.1421875
2 0.49375 0.171875 0.259375 0.34375
0 0.75234375 0.07109375 0.24609375 0.14140625
9 0.93515625 0.090625 0.12890625 0.18125
4 0.6625 0.18984375 0.675 0.3796875