6 0.38984375 0.47109375 0.69140625 0.3109375
9 0.4140625 0.91015625 0.1921875 0.17890625
9 0.60859375 0.9140625 0.18671875 0.171875
1 0.4765625 0.8078125 0.60234375 0.384375
4 0.53828125 0.07734375 0.15703125 0.15390625
4 0.44140625 0.23984375 0.159375 0.1453125
4 0.59375 0.2125 0.1375 0.1671875
8 0.76015625 0.12734375 0.2109375 0.2546875
3 0.93828125 0.1390625 0.1234375 0.275
5 0.85546875 0.346875 0.21953125 0.23671875
7 0.9171875 0.55546875 0.165625 0.32734375
2 0.8953125 0.84921875 0.209375 0.30078125