7 0.4984375 0.4875 0.23046875 0.3078125
2 0.18515625 0.19453125 0.36953125 0.38515625
4 0.3203125 0.20078125 0.640625 0.39765625
5 0.77265625 0.1765625 0.1796875 0.2859375
0 0.91640625 0.303125 0.1671875 0.2359375
8 0.23828125 0.534375 0.21171875 0.25625
7 0.065625 0.596875 0.13125 0.35390625
1 0.41953125 0.80234375 0.571875 0.39453125
9 0.06015625 0.91328125 0.1203125 0.17265625
9 0.865625 0.88515625 0.2234375 0.22890625
4 0.728125 0.4328125 0.159375 0.209375
3 0.64921875 0.45703125 0.06640625 0.2515625
6 0.89765625 0.6078125 0.2046875 0.359375