0 0.4921875 0.1203125 0.20078125 0.2296875
0 0.3046875 0.7203125 0.2109375 0.234375
8 0.2078125 0.4859375 0.19375 0.2703125
8 0.6734375 0.19921875 0.2125 0.275
5 0.45625 0.48359375 0.22578125 0.2375
4 0.50546875 0.31796875 0.1515625 0.15078125
4 0.62578125 0.44296875 0.11796875 0.2078125
4 0.7265625 0.921875 0.11328125 0.15625
2 0.76953125 0.53203125 0.16640625 0.41328125
7 0.9234375 0.59296875 0.153125 0.3046875
9 0.88203125 0.109375 0.2234375 0.2109375
9 0.91875 0.32890625 0.1625 0.21640625
6 0.8953125 0.8828125 0.209375 0.23125
1 0.37265625 0.78671875 0.56171875 0.4109375
3 0.65078125 0.7265625 0.20390625 0.2875