2 0.15078125 0.34609375 0.30078125 0.40625
9 0.25625 0.10078125 0.215625 0.2015625
1 0.6828125 0.203125 0.63359375 0.3875
4 0.328125 0.478125 0.1359375 0.18203125
3 0.4609375 0.58203125 0.1859375 0.278125
4 0.72421875 0.446875 0.1203125 0.06875
7 0.68046875 0.621875 0.23828125 0.33984375
8 0.89453125 0.50625 0.2109375 0.1984375
5 0.85625 0.7390625 0.16171875 0.2484375
0 0.740625 0.903125 0.16953125 0.19375
8 0.09765625 0.62734375 0.18984375 0.2390625
6 0.18203125 0.86953125 0.353125 0.2609375
9 0.91328125 0.93515625 0.17265625 0.12890625