2 0.18046875 0.1921875 0.353125 0.38359375
4 0.321875 0.203125 0.64375 0.40625
4 0.72734375 0.4359375 0.16015625 0.2140625
5 0.771875 0.17734375 0.18515625 0.28984375
0 0.91953125 0.29921875 0.1609375 0.23828125
8 0.240625 0.53359375 0.2109375 0.259375
7 0.4953125 0.49140625 0.225 0.3078125
6 0.9015625 0.60546875 0.196875 0.3640625
9 0.86328125 0.88671875 0.2109375 0.22578125
9 0.06171875 0.9140625 0.1234375 0.171875
1 0.41796875 0.79453125 0.5734375 0.4109375
3 0.70859375 0.4625 0.18359375 0.28203125