1 0.30078125 0.60703125 0.34296875 0.77734375
9 0.53125 0.73671875 0.19375 0.26328125
9 0.52890625 0.934375 0.19296875 0.13125
7 0.54765625 0.171875 0.2421875 0.3390625
7 0.69296875 0.4546875 0.2671875 0.2625
8 0.7734375 0.19609375 0.20703125 0.284375
8 0.90234375 0.5828125 0.1953125 0.2625
5 0.90703125 0.8515625 0.18203125 0.2578125
0 0.93515625 0.12421875 0.12578125 0.21953125
0 0.92109375 0.33984375 0.15234375 0.20625
2 0.72421875 0.73359375 0.184375 0.17734375
3 0.725 0.8890625 0.19921875 0.22109375