9 0.21484375 0.096875 0.23359375 0.19375
9 0.215625 0.31875 0.23671875 0.2296875
0 0.46875 0.12734375 0.1890625 0.23828125
0 0.3328125 0.715625 0.20390625 0.23984375
8 0.70859375 0.21015625 0.21875 0.2703125
8 0.2171875 0.53828125 0.20703125 0.2765625
5 0.45625 0.48359375 0.2203125 0.22578125
4 0.51640625 0.31875 0.15703125 0.15
4 0.6421875 0.4234375 0.1296875 0.18515625
3 0.6421875 0.73125 0.203125 0.28671875
4 0.72734375 0.91875 0.1140625 0.1625
2 0.7953125 0.65078125 0.1578125 0.41953125
7 0.92421875 0.56015625 0.1421875 0.315625
6 0.90390625 0.9046875 0.19140625 0.18984375
1 0.37890625 0.790625 0.5640625 0.40390625