0 0.41484375 0.0828125 0.2296875 0.165625
0 0.22734375 0.71640625 0.246875 0.271875
8 0.11171875 0.45625 0.2234375 0.3125
8 0.621875 0.13671875 0.246875 0.2734375
5 0.3875 0.44375 0.2640625 0.2765625
4 0.43671875 0.25625 0.1765625 0.1765625
4 0.57734375 0.39140625 0.1390625 0.2375
4 0.709375 0.915625 0.1328125 0.159375
2 0.74296875 0.48671875 0.203125 0.471875
7 0.9125 0.546875 0.175 0.35
9 0.853125 0.06484375 0.25625 0.1296875
9 0.90078125 0.2515625 0.1890625 0.25
6 0.88828125 0.865625 0.2234375 0.246875
1 0.315625 0.77265625 0.628125 0.4546875
3 0.61640625 0.71015625 0.2421875 0.3328125