7 0.4984375 0.5078125 0.2453125 0.3171875
2 0.803125 0.80703125 0.384375 0.3859375
4 0.66796875 0.79609375 0.6578125 0.4078125
5 0.2109375 0.8109375 0.1921875 0.2953125
0 0.07890625 0.678125 0.1578125 0.24375
8 0.76328125 0.46953125 0.2234375 0.2671875
7 0.93359375 0.4125 0.1328125 0.3625
1 0.5890625 0.20078125 0.590625 0.4015625
9 0.94609375 0.096875 0.1078125 0.16875
9 0.140625 0.10625 0.234375 0.2125
4 0.26484375 0.5546875 0.1671875 0.2171875
3 0.34453125 0.53203125 0.0765625 0.25625
6 0.10390625 0.37109375 0.2078125 0.3703125