6 0.86171875 0.13359375 0.1671875 0.2671875
6 0.83046875 0.1515625 0.2140625 0.303125
6 0.7390625 0.14609375 0.196875 0.2921875
6 0.6578125 0.14921875 0.19375 0.2984375
6 0.57421875 0.16328125 0.1953125 0.3265625
6 0.484375 0.1875 0.21875 0.375
6 0.39296875 0.2 0.1890625 0.3703125
6 0.3 0.215625 0.2 0.35
6 0.21875 0.309375 0.2546875 0.478125
6 0.121875 0.33046875 0.2359375 0.4546875
6 0.078125 0.36171875 0.15625 0.4609375
6 0.9296875 0.5546875 0.140625 0.55
6 0.878125 0.55078125 0.24375 0.5640625
6 0.79375 0.5703125 0.2625 0.56875
6 0.709375 0.61328125 0.2703125 0.6125
6 0.3640625 0.76640625 0.2625 0.4671875
6 0.2703125 0.78125 0.2625 0.4375
6 0.18828125 0.7921875 0.2578125 0.415625
6 0.04921875 0.384375 0.0984375 0.45
6 0.11875 0.7953125 0.21875 0.409375