6 0.06328125 0.78671875 0.1171875 0.4265625
6 0.14453125 0.77421875 0.1234375 0.4515625
6 0.22734375 0.78984375 0.1140625 0.4203125
6 0.3046875 0.79609375 0.115625 0.4078125
6 0.3859375 0.7921875 0.115625 0.415625
6 0.475 0.7796875 0.134375 0.440625
6 0.56171875 0.78359375 0.1125 0.428125
6 0.6484375 0.78828125 0.1265625 0.40625
6 0.74140625 0.7046875 0.15 0.4984375
6 0.83125 0.7046875 0.1375 0.478125
6 0.91640625 0.696875 0.1390625 0.4828125
6 0.09765625 0.2953125 0.125 0.5140625
6 0.18515625 0.31953125 0.128125 0.5265625
6 0.27421875 0.32109375 0.1296875 0.53125
6 0.35859375 0.3 0.128125 0.575
6 0.7078125 0.22421875 0.140625 0.4484375
6 0.79765625 0.22109375 0.1390625 0.4421875
6 0.878125 0.22109375 0.134375 0.4421875
6 0.965625 0.6921875 0.06875 0.4875
6 0.946875 0.228125 0.1 0.45625