4 0.43828125 0.78046875 0.2859375 0.30625
4 0.2140625 0.7015625 0.2359375 0.2296875
4 0.13984375 0.53671875 0.2359375 0.20625
4 0.1703125 0.4015625 0.2203125 0.1890625
4 0.296875 0.3203125 0.171875 0.1703125
4 0.42734375 0.23515625 0.1859375 0.1484375
4 0.54609375 0.325 0.184375 0.1921875
4 0.7046875 0.3625 0.190625 0.2078125
4 0.86640625 0.471875 0.2453125 0.1828125
4 0.88515625 0.6171875 0.2296875 0.24375
4 0.73515625 0.7078125 0.253125 0.2609375
4 0.54921875 0.65703125 0.2640625 0.2125
4 0.66015625 0.50078125 0.2296875 0.21875
4 0.4046875 0.546875 0.24375 0.215625
4 0.390625 0.3953125 0.2140625 0.1875