6 0.815625 0.84375 0.2046875 0.2890625
6 0.6328125 0.82890625 0.153125 0.259375
6 0.54375 0.8421875 0.0609375 0.2390625
9 0.05703125 0.89453125 0.1015625 0.071875
9 0.18828125 0.88828125 0.1171875 0.0703125
9 0.06640625 0.83046875 0.115625 0.05625
9 0.19375 0.82578125 0.1109375 0.0578125
9 0.10625 0.9015625 0.06875 0.059375
4 0.84765625 0.62578125 0.1546875 0.0859375
4 0.85 0.546875 0.140625 0.078125
5 0.75234375 0.02578125 0.0984375 0.0515625
5 0.53984375 0.09453125 0.0671875 0.071875
3 0.35078125 0.6984375 0.15625 0.0890625
4 0.83984375 0.421875 0.1359375 0.103125
4 0.85703125 0.33671875 0.1296875 0.0734375
4 0.85546875 0.27265625 0.1328125 0.065625