7 0.38125 0.73046875 0.0765625 0.0953125
7 0.32890625 0.68515625 0.06875 0.084375
8 0.38359375 0.65078125 0.075 0.1
7 0.534375 0.47890625 0.084375 0.0953125
8 0.72890625 0.640625 0.0640625 0.0703125
5 0.77109375 0.6296875 0.04375 0.065625
5 0.87890625 0.6859375 0.0515625 0.0640625
4 0.0921875 0.90546875 0.0203125 0.034375
4 0.09765625 0.90078125 0.034375 0.046875
4 0.12578125 0.88046875 0.0546875 0.0515625
4 0.915625 0.6765625 0.040625 0.0390625
4 0.9515625 0.6765625 0.0359375 0.040625
4 0.98515625 0.68046875 0.0296875 0.0453125
7 0.9375 0.30625 0.078125 0.1