7 0.3515625 0.296875 0.05390625 0.0765625
7 0.31484375 0.3484375 0.046875 0.06796875
8 0.371875 0.3671875 0.05078125 0.08203125
7 0.54296875 0.48671875 0.06171875 0.07578125
8 0.68046875 0.29921875 0.046875 0.05546875
5 0.7203125 0.3 0.028125 0.0546875
5 0.803125 0.2265625 0.03515625 0.05
4 0.0203125 0.20703125 0.02578125 0.03203125
4 0.05390625 0.209375 0.040625 0.0390625
4 0.09140625 0.2203125 0.0421875 0.0375
4 0.83828125 0.22578125 0.03203125 0.0296875
4 0.86953125 0.21875 0.025 0.03203125
4 0.90390625 0.20625 0.0296875 0.034375
7 0.95625 0.55234375 0.084375 0.0828125