9 0.0875 0.0953125 0.1515625 0.190625
9 0.209375 0.07734375 0.14375 0.1546875
9 0.34375 0.08515625 0.140625 0.1703125
9 0.934375 0.19140625 0.13046875 0.2046875
9 0.17890625 0.26484375 0.175 0.23671875
9 0.1796875 0.46953125 0.14765625 0.16484375
9 0.13515625 0.61640625 0.128125 0.18046875
9 0.09921875 0.92734375 0.11796875 0.1453125
9 0.3859375 0.77734375 0.17109375 0.2125
9 0.56171875 0.77578125 0.16796875 0.221875
9 0.70234375 0.76796875 0.125 0.16484375
9 0.8609375 0.76015625 0.12890625 0.17109375
9 0.9359375 0.8953125 0.128125 0.1859375
9 0.77421875 0.89921875 0.17265625 0.2015625
9 0.940625 0.8890625 0.11875 0.19375
9 0.04453125 0.7921875 0.0890625 0.1859375
9 0.0375 0.61796875 0.075 0.1578125
9 0.278125 0.62265625 0.16171875 0.15078125
9 0.9390625 0.43671875 0.121875 0.30546875
9 0.96953125 0.69296875 0.06015625 0.1859375
9 0.82578125 0.09765625 0.14765625 0.1953125
9 0.7015625 0.05078125 0.134375 0.1015625
9 0.5796875 0.0390625 0.09453125 0.078125
9 0.14765625 0.77109375 0.10703125 0.146875
9 0.2546875 0.846875 0.13984375 0.30625