9 0.18359375 0.9484375 0.1828125 0.103125
9 0.30546875 0.95078125 0.1796875 0.0984375
9 0.4390625 0.9265625 0.18125 0.146875
9 0.95859375 0.70390625 0.0828125 0.2359375
9 0.2296875 0.8171875 0.2359375 0.2828125
9 0.178125 0.6109375 0.190625 0.203125
9 0.09609375 0.4734375 0.175 0.2140625
9 0.0375 0.1796875 0.075 0.15625
9 0.309375 0.2484375 0.2265625 0.25625
9 0.4875 0.20625 0.2234375 0.265625
9 0.6296875 0.17890625 0.1671875 0.196875
9 0.7921875 0.14609375 0.1734375 0.2046875
9 0.82734375 0.05234375 0.1609375 0.1046875
9 0.671875 0.07578125 0.21875 0.1515625
9 0.83359375 0.05546875 0.1546875 0.1109375
9 0.028125 0.31640625 0.05625 0.2046875
9 0.02734375 0.4953125 0.0546875 0.171875
9 0.2390625 0.43125 0.2 0.1921875
9 0.92578125 0.45546875 0.1484375 0.3359375
9 0.9125 0.18984375 0.0953125 0.2
9 0.9109375 0.81484375 0.178125 0.2171875
9 0.80625 0.89375 0.1578125 0.11875
9 0.68671875 0.93671875 0.1109375 0.084375
9 0.07109375 0.3140625 0.1421875 0.175
9 0.1609375 0.221875 0.2125 0.3234375