3 0.20390625 0.165625 0.24921875 0.18671875
3 0.48125 0.1234375 0.26875 0.19296875
3 0.7359375 0.1625 0.2265625 0.09765625
3 0.22890625 0.5390625 0.18203125 0.16015625
3 0.42578125 0.53671875 0.21640625 0.16171875
3 0.44921875 0.43671875 0.13671875 0.04140625
3 0.63046875 0.5265625 0.2265625 0.17421875
3 0.81796875 0.515625 0.18359375 0.1734375
3 0.95625 0.5109375 0.08671875 0.18203125
3 0.11171875 0.85859375 0.2203125 0.1828125
3 0.3359375 0.85625 0.19375 0.1859375
3 0.5375 0.87578125 0.17109375 0.1515625
3 0.54375 0.75390625 0.165625 0.07890625
3 0.7078125 0.8375 0.165625 0.1046875
3 0.7234375 0.91640625 0.19453125 0.08828125
3 0.8984375 0.74765625 0.203125 0.0921875
3 0.93671875 0.8875 0.1265625 0.15234375
3 0.91953125 0.85859375 0.1609375 0.1359375
3 0.05703125 0.540625 0.1109375 0.1703125
3 0.1484375 0.8453125 0.18828125 0.19375