0 0.14453125 0.68828125 0.2890625 0.2390625
0 0.0921875 0.3796875 0.184375 0.315625
0 0.1921875 0.48515625 0.265625 0.259375
0 0.421875 0.78125 0.29375 0.2265625
0 0.42421875 0.5984375 0.3203125 0.2
0 0.63671875 0.70390625 0.3203125 0.2265625
0 0.85078125 0.8140625 0.24375 0.234375
0 0.878125 0.61953125 0.240625 0.209375
0 0.5140625 0.434375 0.3234375 0.33125
0 0.28359375 0.14375 0.3796875 0.2875
0 0.1875 0.0390625 0.25625 0.078125
0 0.6546875 0.1578125 0.41875 0.284375
0 0.69375 0.32578125 0.290625 0.203125
0 0.8984375 0.42421875 0.203125 0.2234375
0 0.91484375 0.2390625 0.1703125 0.2
0 0.521875 0.04453125 0.359375 0.0890625
0 0.8921875 0.10859375 0.215625 0.1421875