0 0.1421875 0.22890625 0.246875 0.16796875
0 0.06875 0.48125 0.13671875 0.25
0 0.16953125 0.40625 0.1984375 0.1921875
0 0.396875 0.1859375 0.22734375 0.1609375
0 0.37734375 0.3390625 0.253125 0.13515625
0 0.5671875 0.27578125 0.25 0.1578125
0 0.78359375 0.20859375 0.2328125 0.17578125
0 0.78828125 0.375 0.240625 0.15390625
0 0.4328125 0.48671875 0.24140625 0.24765625
0 0.20546875 0.71875 0.28984375 0.2375
0 0.10703125 0.87109375 0.2125 0.2265625
0 0.51796875 0.7328125 0.32890625 0.1953125
0 0.5703125 0.59765625 0.22734375 0.14140625
0 0.82109375 0.540625 0.28671875 0.16640625
0 0.92265625 0.41640625 0.1546875 0.23671875
0 0.8 0.6984375 0.23671875 0.1453125
0 0.39296875 0.88359375 0.29765625 0.17734375
0 0.77265625 0.875 0.2921875 0.22421875