0 0.75546875 0.07890625 0.3140625 0.1578125
0 0.90234375 0.3 0.190625 0.3171875
0 0.784375 0.2375 0.2828125 0.278125
0 0.4640625 0.08671875 0.296875 0.1734375
0 0.52578125 0.21953125 0.33125 0.2296875
0 0.28984375 0.2015625 0.3328125 0.253125
0 0.08984375 0.19375 0.1796875 0.2375
0 0.11171875 0.37421875 0.2234375 0.2390625
0 0.5046875 0.40546875 0.3484375 0.3546875
0 0.815625 0.60625 0.36875 0.35625
0 0.9171875 0.759375 0.165625 0.3125
0 0.4765625 0.7140625 0.434375 0.3203125
0 0.378125 0.5734375 0.3015625 0.228125
0 0.13125 0.565625 0.2625 0.25
0 0.0265625 0.44609375 0.053125 0.2828125
0 0.165625 0.74921875 0.265625 0.2234375
0 0.6640625 0.8515625 0.39375 0.290625
0 0.24921875 0.88828125 0.3515625 0.2234375