2 0.81484375 0.46015625 0.3703125 0.5234375
8 0.790625 0.19140625 0.2859375 0.3109375
4 0.65703125 0.43515625 0.20625 0.2296875
9 0.87890625 0.7296875 0.2421875 0.284375
1 0.49375 0.75234375 0.771875 0.4953125
4 0.32890625 0.6265625 0.1671875 0.16875
8 0.1484375 0.6859375 0.271875 0.265625
3 0.4796875 0.403125 0.3109375 0.3328125
5 0.12109375 0.45703125 0.2421875 0.3140625
6 0.60625 0.1265625 0.459375 0.253125
7 0.31640625 0.1546875 0.3453125 0.309375
0 0.10546875 0.25859375 0.2109375 0.2421875
9 0.053125 0.3296875 0.10625 0.20625