2 0.15703125 0.3546875 0.3140625 0.425
8 0.09609375 0.62890625 0.1890625 0.25
4 0.33125 0.48046875 0.1296875 0.190625
9 0.259375 0.103125 0.21484375 0.20625
1 0.67109375 0.203125 0.6578125 0.40625
4 0.7109375 0.47265625 0.1203125 0.125
8 0.89765625 0.5078125 0.2046875 0.190625
3 0.47109375 0.59453125 0.209375 0.26484375
5 0.83359375 0.734375 0.19765625 0.25
6 0.18203125 0.85234375 0.3640625 0.2921875
7 0.490625 0.89453125 0.27890625 0.21015625
0 0.7390625 0.90859375 0.16796875 0.1828125
9 0.91953125 0.9265625 0.1609375 0.146875