0 0.10078125 0.6015625 0.18046875 0.221875
0 0.08984375 0.84609375 0.1796875 0.23046875
0 0.4765625 0.5625 0.18984375 0.22109375
0 0.48515625 0.8828125 0.18984375 0.23359375
0 0.2671875 0.91484375 0.209375 0.1703125
0 0.33984375 0.6828125 0.10546875 0.178125
7 0.6359375 0.13828125 0.26171875 0.27578125
2 0.86796875 0.040625 0.2640625 0.08125
3 0.91015625 0.17421875 0.1796875 0.17421875
8 0.728125 0.40390625 0.2078125 0.24453125
8 0.9140625 0.62421875 0.17109375 0.23359375
5 0.9171875 0.38203125 0.165625 0.24453125