9 0.890625 0.2484375 0.21875 0.271875
9 0.8375 0.45234375 0.3140625 0.309375
0 0.6828125 0.171875 0.2734375 0.2984375
0 0.5671875 0.7703125 0.2875 0.3046875
8 0.4265625 0.16015625 0.3125 0.3203125
8 0.74609375 0.65390625 0.3046875 0.340625
5 0.54765625 0.50625 0.296875 0.3
4 0.5609375 0.32890625 0.20625 0.2015625
4 0.40078125 0.3734375 0.1953125 0.225
3 0.27421875 0.6578125 0.3046875 0.3484375
4 0.11953125 0.7921875 0.16875 0.1890625
2 0.16640625 0.52109375 0.3171875 0.4515625
7 0.10703125 0.384375 0.2140625 0.35
6 0.0625 0.70625 0.125 0.246875
1 0.49375 0.75859375 0.6875 0.4828125