9 0.14921875 0.11171875 0.2546875 0.2234375
9 0.11328125 0.65 0.2265625 0.31640625
8 0.06171875 0.88828125 0.12265625 0.22265625
3 0.24375 0.87265625 0.203125 0.2546875
4 0.57890625 0.265625 0.7234375 0.53046875
0 0.66328125 0.5546875 0.1875 0.2078125
7 0.4796875 0.68515625 0.2453125 0.3
4 0.56953125 0.8453125 0.14296875 0.140625
2 0.55390625 0.95390625 0.3078125 0.09140625
5 0.8328125 0.71640625 0.21015625 0.24921875
8 0.91640625 0.49140625 0.1671875 0.2421875
0 0.80234375 0.91953125 0.16171875 0.1609375