0 0.346875 0.1328125 0.265625 0.2609375
0 0.3140625 0.80078125 0.2890625 0.30625
8 0.1453125 0.58046875 0.28125 0.340625
8 0.5546875 0.1609375 0.303125 0.321875
5 0.40625 0.50703125 0.3046875 0.3140625
4 0.41171875 0.31875 0.203125 0.2015625
4 0.57421875 0.4171875 0.184375 0.253125
4 0.809375 0.87109375 0.153125 0.1515625
2 0.75078125 0.47109375 0.2921875 0.4828125
7 0.903125 0.48984375 0.19375 0.3640625
9 0.7546875 0.0671875 0.284375 0.134375
9 0.84921875 0.2140625 0.23125 0.275
6 0.91953125 0.7828125 0.1609375 0.259375
1 0.39921875 0.77734375 0.6984375 0.4453125
3 0.68046875 0.70859375 0.2953125 0.3625