2 0.23125 0.76328125 0.434375 0.4734375
8 0.0875 0.54375 0.175 0.30625
4 0.32734375 0.60859375 0.209375 0.246875
9 0.396875 0.9359375 0.278125 0.128125
1 0.68359375 0.71015625 0.6328125 0.5796875
4 0.715625 0.46015625 0.1734375 0.1765625
8 0.87421875 0.353125 0.2515625 0.265625
3 0.42265625 0.43515625 0.3203125 0.3546875
5 0.7328125 0.15625 0.303125 0.3125
6 0.13359375 0.29296875 0.2671875 0.3921875
7 0.325 0.14296875 0.35625 0.2859375
0 0.57109375 0.0671875 0.2328125 0.134375
9 0.7328125 0.04375 0.184375 0.0875