9 0.86796875 0.17109375 0.2640625 0.2390625
9 0.82265625 0.38828125 0.2875 0.2828125
0 0.61328125 0.13984375 0.2421875 0.2796875
0 0.61484375 0.75546875 0.2578125 0.2859375
8 0.35703125 0.1671875 0.278125 0.31875
8 0.7703125 0.60546875 0.2703125 0.321875
5 0.5453125 0.496875 0.2703125 0.275
4 0.52421875 0.31953125 0.190625 0.184375
4 0.37421875 0.39453125 0.171875 0.2140625
3 0.30390625 0.70078125 0.26875 0.33125
4 0.17734375 0.8609375 0.146875 0.1734375
2 0.16953125 0.5859375 0.253125 0.453125
7 0.084375 0.46640625 0.16875 0.3453125
6 0.0609375 0.80625 0.121875 0.21875
1 0.5515625 0.77734375 0.653125 0.4453125